x, z, a, z==y [2, 1, 2] [[0 2 1]
 [1 2 1]
 [0 1 1]
 [1 1 1]
 [0 0 1]
 [0 0 0]] 5
x, z, a, z==y [0, 0, 2] [[0 0 0]
 [0 1 0]
 [0 2 0]
 [0 0 1]
 [0 2 1]
 [1 1 0]] 6
x, z, a, z==y [0, 0, 0] [[0 0 0]
 [1 0 0]
 [0 1 0]
 [0 1 1]] 10
x, z, a, z==y [0, 0, 1] [[ 1  0  0]
 [ 0  0  0]
 [ 1  1  0]
 [ 1  1 -1]
 [ 2  2  0]
 [ 1  2  0]] 0
x, z, a, z==y [0, 2, 0] [[ 0  1  0]
 [ 0  0  0]
 [ 1  1  0]
 [ 1  0  0]
 [ 2  0  0]
 [ 2 -1  0]] 4
x, z, a, z==y [1, 3, 1] [[ 0  0  0]
 [ 1  0  1]
 [ 1  0  0]
 [ 1  0 -1]
 [ 2  0  1]
 [ 2  0 -1]] 9
x, z, a, z==y [0, 2, 1] [[0 1 2]
 [0 1 1]
 [0 1 0]
 [1 1 2]
 [1 1 1]
 [0 0 0]] 3
x, z, a, z==y [2, 2, 2] [[ 1 -1 -2]
 [ 1  0 -2]
 [ 1  0 -1]
 [ 1  1 -1]
 [ 1  0  0]
 [ 0  0  0]] 1
x, z, a, z==y [0, 1, 3] [[ 0  0  0]
 [ 1  1  0]
 [ 1  0  0]
 [ 1 -1  0]
 [ 2 -1  0]
 [ 1  1 -1]] 8
x, z, a, z==y [1, 0, 2] [[ 0  0  0]
 [ 1  0  0]
 [ 1  0 -1]
 [ 1  1 -1]
 [ 1  0 -2]
 [ 2  0 -2]] 2
[[ 0  0  0]
 [ 0  0 -1]
 [ 0  1  0]
 [ 1  1  0]
 [ 0  2  1]
 [ 0  2  0]]
[[ 0  0  0]
 [ 0  0  1]
 [ 1  0  0]
 [ 1  1  0]
 [ 2  0 -1]
 [ 2  0  0]]
[[1 0 0]
 [0 0 0]
 [1 0 1]
 [1 1 1]
 [2 0 2]
 [1 0 2]]
[[ 1  0  0]
 [ 0  0  0]
 [ 1  1  0]
 [ 1  1 -1]
 [ 2  2  0]
 [ 1  2  0]]
[[0 0 1]
 [0 0 0]
 [0 1 1]
 [1 1 1]
 [0 2 2]
 [0 2 1]]
[[0 1 0]
 [0 0 0]
 [1 1 0]
 [1 1 1]
 [2 2 0]
 [2 1 0]]
144
